6250
30737
1000
56046
577
34504
50640
51566
33117
8426
11972
30982
10213
13348
9666
42080
26072
44555
56955
10249
41727
52468
42111
42632
32639
21575
50234
60541
19905
44656
41465
17624
64073
54161
37193
13523
55873
4961
17210
50859
52391
18185
6122
32817
56894
7388
27161
57549
10719
4189
8697
12282
2028
42239
51722
3049
9359
54746
50391
30200
46946
38964
36922
41538
40091
18177
41329
1817
20866
53725
61530
43751
251
24429
52830
30979
41594
33135
60112
6828
17182
11346
8564
63236
36653
60755
52263
15771
38633
44297
11593
18719
9778
288
14583
60864
16255
17225
36468
65077
55844
29945
5287
13922
46672
19477
5021
59536
20611
33836
13491
1314
61234
59003
58008
598
47455
6491
40293
38023
22895
41385
64543
15763
5495
3778
63526
19960
33548
51201
26359
47611
10663
41332
3794
64292
61630
16668
55937
22661
8119
32406
23227
16735
53839
37108
63494
43897
65007
57838
8518
35694
47201
20129
334
53162
12283
5473
11074
47305
21971
35171
33339
53726
21773
16673
57207
9054
42045
63201
37512
57762
26690
58538
27647
53051
30782
29140
11234
47384
8633
32990
46439
57800
44952
17560
36852
20340
8162
62411
62899
53358
43090
63297
57640
8754
495
50935
20672
4299
40279
56637
57379
8005
7540
14653
9877
30426
55890
27297
14169
32960
58012
7566
38827
55213
30146
28070
56614
47288
21380
49194
33341
63901
25971
42226
56404
57964
11421
58406
15125
21781
20201
53173
16894
3045
32036
37699
26501
43854
27240
16578
1838
4513
30746
60030
43368
688
11416
12809
35768
46078
14152
17878
16738
10923
12289
37446
40721
1127
815
11815
26304
33587
1242
51886
9030
18070
29696
13354
55210
26167
8923
1774
3396
59474
26861
29668
3978
15302
13852
56791
58629
16521
25724
54307
42196
62383
25896
54651
61299
23718
21928
13774
35485
22991
64469
8602
56058
16780
14062
44836
21926
31850
7044
10146
7972
43921
13732
40760
12229
9766
44753
51117
16064
34653
17715
56889
55260
16288
58345
9769
50014
5012
6922
36701
59329
50854
56835
46637
6191
55709
37218
8577
40130
60300
9133
37009
24972
29190
22588
56267
35512
53034
36085
47202
3509
22339
44316
60386
62658
20091
6553
51515
8845
57286
35699
19350
546
17129
9413
45199
15199
54977
26812
64506
43233
41145
57618
32535
49400
4357
6329
1107
62237
59188
58556
5053
9627
51652
59226
23388
14137
26725
54104
24024
54684
35135
20277
25036
63045
2208
57201
14480
7342
54680
62622
56584
22369
14374
62422
28072
30505
62544
46788
29059
41455
5004
53641
16929
42456
37172
47461
29742
43977
51658
21643
2912
25109
13745
17138
35572
60390
41230
24325
45014
48951
6630
11334
64563
50446
13760
40831
41544
7601
65241
26687
48539
42900
55622
33831
56131
4943
28587
56028
19191
56378
18560
12888
36949
54133
64959
20662
3516
9634
19472
18153
60686
29014
51739
59629
42597
59652
14031
30962
56820
52606
62595
44259
47351
14858
41248
62983
4569
7976
22286
25187
63040
63738
12780
29726
45648
53565
19261
56846
64407
11681
49279
33443
63527
55795
5073
15643
19260
60577
40092
39272
44319
52066
60647
30425
4007
24591
21609
49525
57425
39577
45583
42879
37969
65420
57888
30962
36597
33268
32886
20261
24273
40768
50581
41109
51064
29382
47440
33028
39773
49254
12299
54891
55577
16799
20241
43093
8186
31050
4830
40662
30332
6068
22060
6507
41471
24046
37886
8723
19937
47927
26731
7902
55716
3517
9549
4533
32250
61354
34831
37859
14275
28138
15941
32466
31371
34415
54854
26159
33302
9079
33166
1759
26696
46893
40629
35574
8834
37639
59997
49771
45986
65218
61462
3052
13894
34781
30660
52806
43641
4833
14391
53841
29206
42684
44631
7352
11489
28560
8135
49020
49286
64657
12991
31184
7529
41765
12492
29531
6212
19468
45606
21253
5537
50294
43181
56044
26619
14488
18332
57237
1987
28254
13603
16802
40439
4179
36816
48245
58048
13004
16783
10792
49614
49657
42696
60337
532
46837
59496
42011
52915
32495
23931
27782
12059
37224
37600
11651
32044
42182
3936
20144
15836
37393
52966
28731
29526
52469
41578
14492
56185
21380
59925
21653
25342
19621
26110
54662
63658
54265
28245
62425
29974
453
47061
34220
22287
23528
45857
61043
626
1476
36835
63522
9265
10035
21703
35569
453
49570
22184
2803
14710
7482
35092
52270
49983
59973
45963
27535
35950
25430
63289
24114
35420
7986
21288
63171
38706
48269
61154
53943
22191
16671
65442
50349
1223
30858
39113
10081
46277
6397
51063
8810
47539
11036
326
63749
49261
37744
22874
30845
25909
33991
43923
6294
39407
42964
11780
16929
9184
27709
45782
28574
28697
64835
37673
50945
24688
59321
23594
17223
59677
33592
11477
15899
3112
31883
25386
61035
9376
32461
3311
23984
31771
27239
14527
7207
51590
171
4795
8607
46351
36665
57912
26084
37458
21278
56947
48764
46075
53126
9445
63709
37673
45819
18283
19774
19780
38569
12485
37005
1222
37182
60754
47215
37167
24956
2808
42124
47095
44674
12154
55574
16446
19749
36615
8651
30071
40142
36682
32477
48744
21285
64563
26673
30254
38738
17720
21546
8279
13023
43618
36618
53296
11017
39404
11298
25132
2108
45145
9169
11529
56925
26486
19924
37740
13843
64333
45111
24113
57674
174
48386
51223
39556
38417
21889
27818
53906
40748
22086
60168
64107
42073
46225
37157
53760
25194
53645
8741
12445
58590
11069
6727
27361
56581
25372
20742
62606
25438
10440
42700
23823
10035
49315
27389
64402
25021
64661
16807
60999
28621
50443
45510
52967
26059
2936
56950
14512
3998
51976
45630
61467
51049
51503
27856
57019
13510
7067
52442
52385
4378
11505
14656
42946
22115
31497
23509
37005
829
39193
39693
52253
49883
62458
5436
8147
4201
22359
65038
8840
50533
32187
6996
23685
47042
56310
12330
62479
4543
65507
18953
26596
14387
64533
31311
63204
24354
33481
46160
47942
46556
9206
29942
54218
24043
4502
61631
52513
4403
25507
47236
42241
32131
61401
51387
30149
23962
55722
33299
4319
19073
18919
6651
28294
7015
40097
9611
64884
34577
29824
15947
5489
6063
50603
44540
24054
33298
9568
6595
5822
6714
42822
23981
17869
39819
52180
996
48297
22666
36107
55128
16502
22347
21877
7245
27989
64204
39460
39537
59550
55530
